t [s] , T [K] , y_o , y_co , y_co2 , y_c , y_c2 , y_c3 , y_o2 , y_n2 , y_n , y_no
0 , 800 , 0.0217 , 0 , 0 , 0 , 0 , 0 , 0.08 , 0.375 , 0.0013 , 0.022
0.2 , 1016.53 , 0.0432844 , 0.00260915 , 5.55664e-05 , 1.83794e-28 , 6.18783e-32 , 8.59762e-30 , 0.159574 , 0.748001 , 0.00259307 , 0.0438828
0.4 , 1116.5 , 0.0432212 , 0.00408855 , 3.162e-05 , 3.34253e-25 , 3.43382e-28 , 3.01847e-26 , 0.159341 , 0.74691 , 0.00258929 , 0.0438187
0.6 , 1195.88 , 0.0431576 , 0.00556983 , 2.16351e-05 , 5.28563e-23 , 1.15306e-25 , 7.44006e-24 , 0.159105 , 0.745806 , 0.00258546 , 0.043754
0.8 , 1264.49 , 0.0430954 , 0.00706327 , 1.61985e-05 , 2.51463e-21 , 9.74637e-24 , 4.96634e-22 , 0.158867 , 0.744688 , 0.00258159 , 0.0436884
1 , 1326.12 , 0.0430428 , 0.00855087 , 1.27772e-05 , 5.73315e-20 , 3.53945e-22 , 1.48955e-20 , 0.158627 , 0.743566 , 0.0025777 , 0.0436225
1.2 , 1382.68 , 0.0430282 , 0.00995345 , 1.03422e-05 , 7.902e-19 , 7.21084e-21 , 2.58435e-19 , 0.158396 , 0.74248 , 0.00257393 , 0.0435588
1.4 , 1435.32 , 0.0431214 , 0.0110365 , 8.31829e-06 , 7.5354e-18 , 9.62234e-20 , 3.0037e-18 , 0.158199 , 0.741559 , 0.00257074 , 0.0435048
1.6 , 1484.79 , 0.0434363 , 0.0113312 , 6.33362e-06 , 5.42174e-17 , 9.29007e-19 , 2.56983e-17 , 0.158098 , 0.741083 , 0.00256909 , 0.0434768
1.8 , 1531.62 , 0.0440321 , 0.0104044 , 4.31717e-06 , 3.12393e-16 , 6.94832e-18 , 1.72672e-16 , 0.158153 , 0.741344 , 0.00256999 , 0.0434922
2 , 1576.21 , 0.0447657 , 0.00852562 , 2.57076e-06 , 1.50305e-15 , 4.22428e-17 , 9.53633e-16 , 0.158345 , 0.742243 , 0.00257311 , 0.0435449
2.2 , 1618.82 , 0.045399 , 0.0065633 , 1.38135e-06 , 6.21957e-15 , 2.15969e-16 , 4.47005e-15 , 0.158568 , 0.743286 , 0.00257672 , 0.0436061
2.4 , 1659.63 , 0.0458336 , 0.00507645 , 7.10139e-07 , 2.26251e-14 , 9.52297e-16 , 1.8213e-14 , 0.158744 , 0.744111 , 0.00257959 , 0.0436545
2.6 , 1698.78 , 0.0461038 , 0.00410695 , 3.65584e-07 , 7.36365e-14 , 3.69544e-15 , 6.57492e-14 , 0.158861 , 0.74466 , 0.00258149 , 0.0436867
2.8 , 1736.39 , 0.0462708 , 0.00350569 , 1.93065e-07 , 2.17546e-13 , 1.28315e-14 , 2.13633e-13 , 0.158933 , 0.745001 , 0.00258267 , 0.0437067
3 , 1772.58 , 0.0463789 , 0.00313201 , 1.05602e-07 , 5.90407e-13 , 4.04169e-14 , 6.32935e-13 , 0.158978 , 0.745209 , 0.00258339 , 0.0437189
3.2 , 1807.43 , 0.0464541 , 0.00289334 , 5.9964e-08 , 1.48664e-12 , 1.16806e-13 , 1.72842e-12 , 0.159005 , 0.745337 , 0.00258383 , 0.0437264
3.4 , 1841.02 , 0.0465104 , 0.00273486 , 3.53152e-08 , 3.50202e-12 , 3.12696e-13 , 4.38995e-12 , 0.159022 , 0.745417 , 0.00258411 , 0.0437311
3.6 , 1873.42 , 0.0465554 , 0.00262499 , 2.15246e-08 , 7.77207e-12 , 7.81685e-13 , 1.04497e-11 , 0.159033 , 0.745468 , 0.00258429 , 0.0437341
3.8 , 1904.7 , 0.0465935 , 0.00254544 , 1.35426e-08 , 1.63478e-11 , 1.83729e-12 , 2.34644e-11 , 0.15904 , 0.745501 , 0.0025844 , 0.043736
4 , 1934.9 , 0.0466269 , 0.00248543 , 8.77294e-09 , 3.27583e-11 , 4.0844e-12 , 4.99812e-11 , 0.159045 , 0.745521 , 0.00258447 , 0.0437373
4.2 , 1964.07 , 0.046657 , 0.00243843 , 5.83745e-09 , 6.28148e-11 , 8.63196e-12 , 1.01486e-10 , 0.159047 , 0.745535 , 0.00258452 , 0.043738
4.4 , 1992.26 , 0.0466847 , 0.0024004 , 3.98086e-09 , 1.15711e-10 , 1.74208e-11 , 1.97263e-10 , 0.159049 , 0.745543 , 0.00258455 , 0.0437385
4.6 , 2019.51 , 0.0467106 , 0.00236876 , 2.77677e-09 , 2.05472e-10 , 3.37065e-11 , 3.68428e-10 , 0.15905 , 0.745547 , 0.00258456 , 0.0437388
4.8 , 2045.86 , 0.0467349 , 0.00234182 , 1.97757e-09 , 3.52785e-10 , 6.27427e-11 , 6.63371e-10 , 0.159051 , 0.745549 , 0.00258457 , 0.0437389
5 , 2071.34 , 0.0467579 , 0.00231844 , 1.43565e-09 , 5.87248e-10 , 1.12709e-10 , 1.15487e-09 , 0.159051 , 0.74555 , 0.00258457 , 0.0437389
5.2 , 2095.99 , 0.0467797 , 0.00229785 , 1.06085e-09 , 9.50019e-10 , 1.95933e-10 , 1.94904e-09 , 0.15905 , 0.745549 , 0.00258457 , 0.0437389
5.4 , 2119.83 , 0.0468006 , 0.00227947 , 7.96861e-10 , 1.49687e-09 , 3.30436e-10 , 3.19625e-09 , 0.15905 , 0.745547 , 0.00258456 , 0.0437387
5.6 , 2142.9 , 0.0468205 , 0.00226291 , 6.07733e-10 , 2.30155e-09 , 5.41839e-10 , 5.10407e-09 , 0.159049 , 0.745544 , 0.00258455 , 0.0437386
5.8 , 2165.22 , 0.0468397 , 0.00224786 , 4.70084e-10 , 3.45948e-09 , 8.65637e-10 , 7.95206e-09 , 0.159049 , 0.745541 , 0.00258454 , 0.0437384
6 , 2186.83 , 0.046858 , 0.0022341 , 3.68421e-10 , 5.09152e-09 , 1.34984e-09 , 1.21084e-08 , 0.159048 , 0.745537 , 0.00258453 , 0.0437382
6.2 , 2207.74 , 0.0468756 , 0.00222143 , 2.92301e-10 , 7.3479e-09 , 2.05796e-09 , 1.80477e-08 , 0.159047 , 0.745533 , 0.00258452 , 0.043738
6.4 , 2227.99 , 0.0468925 , 0.00220973 , 2.34573e-10 , 1.0412e-08 , 3.07227e-09 , 2.63702e-08 , 0.159046 , 0.745529 , 0.0025845 , 0.0437377
6.6 , 2247.59 , 0.0469087 , 0.00219887 , 1.90266e-10 , 1.4504e-08 , 4.49737e-09 , 3.78214e-08 , 0.159045 , 0.745525 , 0.00258449 , 0.0437375
6.8 , 2266.58 , 0.0469244 , 0.00218877 , 1.55877e-10 , 1.98841e-08 , 6.46379e-09 , 5.33112e-08 , 0.159044 , 0.745521 , 0.00258447 , 0.0437372
7 , 2284.97 , 0.0469395 , 0.00217933 , 1.28903e-10 , 2.68557e-08 , 9.13182e-09 , 7.3933e-08 , 0.159043 , 0.745516 , 0.00258446 , 0.043737
7.2 , 2302.79 , 0.046954 , 0.0021705 , 1.07536e-10 , 3.57671e-08 , 1.26951e-08 , 1.00982e-07 , 0.159043 , 0.745512 , 0.00258444 , 0.0437367
7.4 , 2320.05 , 0.046968 , 0.00216221 , 9.0452e-11 , 4.70141e-08 , 1.73845e-08 , 1.35969e-07 , 0.159042 , 0.745507 , 0.00258443 , 0.0437364
7.6 , 2336.78 , 0.0469815 , 0.00215442 , 7.66729e-11 , 6.10401e-08 , 2.34708e-08 , 1.80639e-07 , 0.159041 , 0.745503 , 0.00258441 , 0.0437362
7.8 , 2352.99 , 0.0469945 , 0.00214709 , 6.54672e-11 , 7.83372e-08 , 3.12686e-08 , 2.36977e-07 , 0.15904 , 0.745498 , 0.00258439 , 0.0437359
8 , 2368.71 , 0.0470071 , 0.00214017 , 5.62833e-11 , 9.94454e-08 , 4.11382e-08 , 3.07219e-07 , 0.159039 , 0.745494 , 0.00258438 , 0.0437356
8.2 , 2383.95 , 0.0470192 , 0.00213364 , 4.87007e-11 , 1.24952e-07 , 5.3488e-08 , 3.93857e-07 , 0.159038 , 0.745489 , 0.00258436 , 0.0437354
8.4 , 2398.73 , 0.047031 , 0.00212745 , 4.23968e-11 , 1.55488e-07 , 6.8776e-08 , 4.99639e-07 , 0.159037 , 0.745485 , 0.00258435 , 0.0437351
8.6 , 2413.07 , 0.0470423 , 0.0021216 , 3.71212e-11 , 1.9173e-07 , 8.75107e-08 , 6.2757e-07 , 0.159036 , 0.74548 , 0.00258433 , 0.0437348
8.8 , 2426.98 , 0.0470532 , 0.00211604 , 3.26787e-11 , 2.3439e-07 , 1.10252e-07 , 7.80906e-07 , 0.159035 , 0.745476 , 0.00258432 , 0.0437346
9 , 2440.48 , 0.0470638 , 0.00211077 , 2.89155e-11 , 2.84221e-07 , 1.37609e-07 , 9.63142e-07 , 0.159034 , 0.745471 , 0.0025843 , 0.0437343
9.2 , 2453.59 , 0.0470741 , 0.00210575 , 2.57099e-11 , 3.42006e-07 , 1.70243e-07 , 1.17801e-06 , 0.159033 , 0.745467 , 0.00258429 , 0.0437341
9.4 , 2466.31 , 0.047084 , 0.00210098 , 2.29646e-11 , 4.08555e-07 , 2.08862e-07 , 1.42944e-06 , 0.159032 , 0.745463 , 0.00258427 , 0.0437338
9.6 , 2478.67 , 0.0470936 , 0.00209644 , 2.06018e-11 , 4.84704e-07 , 2.5422e-07 , 1.7216e-06 , 0.159031 , 0.745459 , 0.00258426 , 0.0437336
9.8 , 2490.68 , 0.0471029 , 0.0020921 , 1.85582e-11 , 5.71307e-07 , 3.07118e-07 , 2.05881e-06 , 0.15903 , 0.745454 , 0.00258424 , 0.0437333
10 , 2502.34 , 0.0471119 , 0.00208797 , 1.67826e-11 , 6.69232e-07 , 3.68393e-07 , 2.44556e-06 , 0.159029 , 0.74545 , 0.00258423 , 0.0437331
10.2 , 2513.68 , 0.0471206 , 0.00208402 , 1.52332e-11 , 7.79358e-07 , 4.38926e-07 , 2.88648e-06 , 0.159028 , 0.745446 , 0.00258421 , 0.0437328
10.4 , 2524.7 , 0.047129 , 0.00208024 , 1.38755e-11 , 9.02569e-07 , 5.19626e-07 , 3.38632e-06 , 0.159028 , 0.745442 , 0.0025842 , 0.0437326
10.6 , 2535.41 , 0.0471372 , 0.00207663 , 1.26811e-11 , 1.03975e-06 , 6.11437e-07 , 3.94994e-06 , 0.159027 , 0.745437 , 0.00258418 , 0.0437323
10.8 , 2545.84 , 0.0471452 , 0.00207317 , 1.16263e-11 , 1.19178e-06 , 7.15328e-07 , 4.58227e-06 , 0.159026 , 0.745433 , 0.00258417 , 0.0437321
11 , 2555.98 , 0.0471529 , 0.00206985 , 1.06914e-11 , 1.35952e-06 , 8.3229e-07 , 5.28827e-06 , 0.159025 , 0.745429 , 0.00258415 , 0.0437318
11.2 , 2565.84 , 0.0471603 , 0.00206668 , 9.85999e-12 , 1.54386e-06 , 9.63331e-07 , 6.07296e-06 , 0.159024 , 0.745425 , 0.00258414 , 0.0437316
11.4 , 2575.45 , 0.0471676 , 0.00206362 , 9.11812e-12 , 1.74562e-06 , 1.10948e-06 , 6.94135e-06 , 0.159023 , 0.74542 , 0.00258412 , 0.0437313
11.6 , 2584.8 , 0.0471746 , 0.00206069 , 8.45406e-12 , 1.96563e-06 , 1.27176e-06 , 7.89844e-06 , 0.159022 , 0.745416 , 0.00258411 , 0.0437311
11.8 , 2593.91 , 0.0471814 , 0.00205788 , 7.85785e-12 , 2.20471e-06 , 1.45121e-06 , 8.94922e-06 , 0.159021 , 0.745412 , 0.00258409 , 0.0437308
12 , 2602.78 , 0.0471881 , 0.00205517 , 7.321e-12 , 2.46364e-06 , 1.64888e-06 , 1.00986e-05 , 0.15902 , 0.745408 , 0.00258408 , 0.0437306
12.2 , 2611.43 , 0.0471945 , 0.00205256 , 6.83625e-12 , 2.74316e-06 , 1.8658e-06 , 1.13514e-05 , 0.159019 , 0.745403 , 0.00258406 , 0.0437303
12.4 , 2619.86 , 0.0472008 , 0.00205005 , 6.39738e-12 , 3.04402e-06 , 2.10301e-06 , 1.27125e-05 , 0.159018 , 0.745399 , 0.00258405 , 0.0437301
12.6 , 2628.08 , 0.0472068 , 0.00204763 , 5.99903e-12 , 3.3669e-06 , 2.36153e-06 , 1.41865e-05 , 0.159017 , 0.745394 , 0.00258403 , 0.0437298
12.8 , 2636.09 , 0.0472127 , 0.0020453 , 5.63657e-12 , 3.71248e-06 , 2.64238e-06 , 1.57779e-05 , 0.159016 , 0.74539 , 0.00258402 , 0.0437295
13 , 2643.91 , 0.0472185 , 0.00204305 , 5.30598e-12 , 4.0814e-06 , 2.94654e-06 , 1.74912e-05 , 0.159016 , 0.745385 , 0.002584 , 0.0437293
13.2 , 2651.54 , 0.0472241 , 0.00204088 , 5.00379e-12 , 4.47424e-06 , 3.275e-06 , 1.93308e-05 , 0.159015 , 0.74538 , 0.00258399 , 0.043729
13.4 , 2658.98 , 0.0472295 , 0.00203878 , 4.72694e-12 , 4.89158e-06 , 3.62872e-06 , 2.13008e-05 , 0.159013 , 0.745376 , 0.00258397 , 0.0437287
13.6 , 2666.25 , 0.0472348 , 0.00203675 , 4.47279e-12 , 5.33396e-06 , 4.00864e-06 , 2.34052e-05 , 0.159012 , 0.745371 , 0.00258395 , 0.0437284
13.8 , 2673.35 , 0.0472399 , 0.00203479 , 4.23899e-12 , 5.80188e-06 , 4.41567e-06 , 2.56478e-05 , 0.159011 , 0.745366 , 0.00258394 , 0.0437281
14 , 2680.28 , 0.0472449 , 0.0020329 , 4.0235e-12 , 6.2958e-06 , 4.85069e-06 , 2.80325e-05 , 0.15901 , 0.745361 , 0.00258392 , 0.0437278
14.2 , 2687.06 , 0.0472497 , 0.00203106 , 3.82451e-12 , 6.81615e-06 , 5.31457e-06 , 3.05626e-05 , 0.159009 , 0.745356 , 0.0025839 , 0.0437275
14.4 , 2693.67 , 0.0472545 , 0.00202928 , 3.64044e-12 , 7.36333e-06 , 5.80814e-06 , 3.32417e-05 , 0.159008 , 0.745351 , 0.00258388 , 0.0437272
14.6 , 2700.15 , 0.0472591 , 0.00202756 , 3.46985e-12 , 7.93771e-06 , 6.3322e-06 , 3.60729e-05 , 0.159007 , 0.745345 , 0.00258386 , 0.0437269
14.8 , 2706.47 , 0.0472635 , 0.00202589 , 3.31151e-12 , 8.53962e-06 , 6.88752e-06 , 3.90593e-05 , 0.159006 , 0.74534 , 0.00258384 , 0.0437266
15 , 2712.66 , 0.0472679 , 0.00202427 , 3.16429e-12 , 9.16937e-06 , 7.47485e-06 , 4.22037e-05 , 0.159005 , 0.745334 , 0.00258383 , 0.0437263
15.2 , 2718.71 , 0.0472721 , 0.0020227 , 3.0272e-12 , 9.82722e-06 , 8.09489e-06 , 4.55088e-05 , 0.159003 , 0.745329 , 0.00258381 , 0.0437259
15.4 , 2724.64 , 0.0472763 , 0.00202117 , 2.89934e-12 , 1.05134e-05 , 8.74832e-06 , 4.89772e-05 , 0.159002 , 0.745323 , 0.00258379 , 0.0437256
15.6 , 2730.43 , 0.0472803 , 0.00201969 , 2.77993e-12 , 1.12282e-05 , 9.43579e-06 , 5.26112e-05 , 0.159001 , 0.745317 , 0.00258376 , 0.0437253
15.8 , 2736.11 , 0.0472842 , 0.00201825 , 2.66824e-12 , 1.19716e-05 , 1.01579e-05 , 5.64131e-05 , 0.159 , 0.745311 , 0.00258374 , 0.0437249
16 , 2741.66 , 0.047288 , 0.00201685 , 2.56364e-12 , 1.2744e-05 , 1.09153e-05 , 6.03848e-05 , 0.158998 , 0.745305 , 0.00258372 , 0.0437245
16.2 , 2747.11 , 0.0472917 , 0.00201548 , 2.46554e-12 , 1.35454e-05 , 1.17084e-05 , 6.45284e-05 , 0.158997 , 0.745298 , 0.0025837 , 0.0437242
16.4 , 2752.44 , 0.0472953 , 0.00201416 , 2.37342e-12 , 1.4376e-05 , 1.25379e-05 , 6.88454e-05 , 0.158996 , 0.745292 , 0.00258368 , 0.0437238
16.6 , 2757.66 , 0.0472988 , 0.00201287 , 2.28682e-12 , 1.52357e-05 , 1.34041e-05 , 7.33375e-05 , 0.158994 , 0.745285 , 0.00258366 , 0.0437234
16.8 , 2762.78 , 0.0473023 , 0.00201161 , 2.2053e-12 , 1.61248e-05 , 1.43076e-05 , 7.80061e-05 , 0.158993 , 0.745278 , 0.00258363 , 0.043723
17 , 2767.8 , 0.0473056 , 0.00201039 , 2.12848e-12 , 1.70431e-05 , 1.52487e-05 , 8.28526e-05 , 0.158991 , 0.745271 , 0.00258361 , 0.0437226
17.2 , 2772.72 , 0.0473088 , 0.0020092 , 2.056e-12 , 1.79908e-05 , 1.6228e-05 , 8.7878e-05 , 0.15899 , 0.745264 , 0.00258358 , 0.0437222
17.4 , 2777.55 , 0.047312 , 0.00200803 , 1.98755e-12 , 1.89677e-05 , 1.72457e-05 , 9.30835e-05 , 0.158988 , 0.745257 , 0.00258356 , 0.0437218
17.6 , 2782.28 , 0.0473151 , 0.0020069 , 1.92283e-12 , 1.9974e-05 , 1.83021e-05 , 9.84699e-05 , 0.158987 , 0.74525 , 0.00258353 , 0.0437213
17.8 , 2786.93 , 0.0473181 , 0.00200579 , 1.86157e-12 , 2.10096e-05 , 1.93977e-05 , 0.000104038 , 0.158985 , 0.745242 , 0.00258351 , 0.0437209
18 , 2791.49 , 0.047321 , 0.00200471 , 1.80354e-12 , 2.20743e-05 , 2.05327e-05 , 0.000109788 , 0.158983 , 0.745235 , 0.00258348 , 0.0437204
18.2 , 2795.96 , 0.0473239 , 0.00200366 , 1.74851e-12 , 2.31682e-05 , 2.17073e-05 , 0.000115722 , 0.158982 , 0.745227 , 0.00258345 , 0.04372
18.4 , 2800.35 , 0.0473266 , 0.00200263 , 1.69628e-12 , 2.42911e-05 , 2.29219e-05 , 0.000121838 , 0.15898 , 0.745219 , 0.00258343 , 0.0437195
18.6 , 2804.67 , 0.0473293 , 0.00200162 , 1.64666e-12 , 2.5443e-05 , 2.41765e-05 , 0.000128139 , 0.158978 , 0.745211 , 0.0025834 , 0.043719
18.8 , 2808.9 , 0.047332 , 0.00200064 , 1.59947e-12 , 2.66237e-05 , 2.54714e-05 , 0.000134623 , 0.158976 , 0.745202 , 0.00258337 , 0.0437185
19 , 2813.06 , 0.0473345 , 0.00199968 , 1.55456e-12 , 2.78332e-05 , 2.68068e-05 , 0.000141291 , 0.158975 , 0.745194 , 0.00258334 , 0.043718
19.2 , 2817.15 , 0.047337 , 0.00199874 , 1.51179e-12 , 2.90711e-05 , 2.81828e-05 , 0.000148143 , 0.158973 , 0.745185 , 0.00258331 , 0.0437175
19.4 , 2821.17 , 0.0473394 , 0.00199781 , 1.47102e-12 , 3.03375e-05 , 2.95996e-05 , 0.000155179 , 0.158971 , 0.745176 , 0.00258328 , 0.043717
19.6 , 2825.12 , 0.0473418 , 0.00199691 , 1.43212e-12 , 3.16322e-05 , 3.10572e-05 , 0.0001624 , 0.158969 , 0.745167 , 0.00258325 , 0.0437165
19.8 , 2829 , 0.0473439 , 0.00199602 , 1.39498e-12 , 3.46387e-05 , 3.47793e-05 , 0.000170825 , 0.158966 , 0.745155 , 0.0025832 , 0.0437157
20 , 2832.82 , 0.0473461 , 0.00199516 , 1.3595e-12 , 3.60524e-05 , 3.64141e-05 , 0.000178456 , 0.158964 , 0.745145 , 0.00258317 , 0.0437152
20.2 , 2836.57 , 0.0473483 , 0.00199431 , 1.32557e-12 , 3.74996e-05 , 3.81002e-05 , 0.000186272 , 0.158962 , 0.745136 , 0.00258314 , 0.0437146
20.4 , 2840.26 , 0.0473504 , 0.00199348 , 1.29311e-12 , 3.89757e-05 , 3.98301e-05 , 0.000194271 , 0.15896 , 0.745126 , 0.0025831 , 0.043714
20.6 , 2843.89 , 0.0473524 , 0.00199267 , 1.26203e-12 , 4.04804e-05 , 4.16037e-05 , 0.000202454 , 0.158958 , 0.745116 , 0.00258307 , 0.0437135
20.8 , 2847.47 , 0.0473544 , 0.00199187 , 1.23225e-12 , 4.20136e-05 , 4.34211e-05 , 0.000210819 , 0.158956 , 0.745106 , 0.00258303 , 0.0437129
21 , 2850.98 , 0.0473564 , 0.00199109 , 1.20369e-12 , 4.3575e-05 , 4.52822e-05 , 0.000219366 , 0.158954 , 0.745095 , 0.002583 , 0.0437123
21.2 , 2854.44 , 0.0473583 , 0.00199032 , 1.1763e-12 , 4.51643e-05 , 4.71869e-05 , 0.000228095 , 0.158951 , 0.745085 , 0.00258296 , 0.0437116
21.4 , 2857.85 , 0.0473601 , 0.00198957 , 1.15001e-12 , 4.67815e-05 , 4.91353e-05 , 0.000237004 , 0.158949 , 0.745074 , 0.00258292 , 0.043711
21.6 , 2861.2 , 0.0473619 , 0.00198883 , 1.12475e-12 , 4.84261e-05 , 5.11273e-05 , 0.000246094 , 0.158947 , 0.745063 , 0.00258289 , 0.0437104
21.8 , 2864.51 , 0.0473636 , 0.0019881 , 1.10048e-12 , 5.00981e-05 , 5.31628e-05 , 0.000255362 , 0.158945 , 0.745053 , 0.00258285 , 0.0437097
22 , 2867.76 , 0.0473653 , 0.00198739 , 1.07713e-12 , 5.17971e-05 , 5.52417e-05 , 0.000264808 , 0.158942 , 0.745041 , 0.00258281 , 0.0437091
22.2 , 2870.96 , 0.0473669 , 0.00198669 , 1.05467e-12 , 5.35228e-05 , 5.73638e-05 , 0.000274432 , 0.15894 , 0.74503 , 0.00258277 , 0.0437084
22.4 , 2874.12 , 0.0473685 , 0.001986 , 1.03305e-12 , 5.52751e-05 , 5.95292e-05 , 0.000284233 , 0.158937 , 0.745019 , 0.00258273 , 0.0437078
22.6 , 2877.23 , 0.0473701 , 0.00198533 , 1.01222e-12 , 5.70538e-05 , 6.17376e-05 , 0.000294208 , 0.158935 , 0.745007 , 0.00258269 , 0.0437071
22.8 , 2880.29 , 0.0473716 , 0.00198466 , 9.92147e-13 , 5.88584e-05 , 6.3989e-05 , 0.000304358 , 0.158932 , 0.744995 , 0.00258265 , 0.0437064
23 , 2883.31 , 0.047373 , 0.00198401 , 9.72793e-13 , 6.06888e-05 , 6.62831e-05 , 0.000314682 , 0.15893 , 0.744983 , 0.00258261 , 0.0437057
23.2 , 2886.29 , 0.0473744 , 0.00198337 , 9.54121e-13 , 6.25448e-05 , 6.86199e-05 , 0.000325178 , 0.158927 , 0.744971 , 0.00258257 , 0.043705
23.4 , 2889.22 , 0.0473758 , 0.00198273 , 9.361e-13 , 6.4426e-05 , 7.09991e-05 , 0.000335845 , 0.158925 , 0.744959 , 0.00258252 , 0.0437043
23.6 , 2892.12 , 0.0473771 , 0.00198211 , 9.18699e-13 , 6.63322e-05 , 7.34206e-05 , 0.000346683 , 0.158922 , 0.744946 , 0.00258248 , 0.0437035
23.8 , 2894.97 , 0.0473784 , 0.0019815 , 9.01888e-13 , 6.82631e-05 , 7.58843e-05 , 0.000357689 , 0.158919 , 0.744934 , 0.00258244 , 0.0437028
24 , 2897.78 , 0.0473796 , 0.0019809 , 8.8564e-13 , 7.02185e-05 , 7.83899e-05 , 0.000368864 , 0.158916 , 0.744921 , 0.00258239 , 0.043702
24.2 , 2900.56 , 0.0473808 , 0.0019803 , 8.6993e-13 , 7.21981e-05 , 8.09372e-05 , 0.000380205 , 0.158914 , 0.744908 , 0.00258235 , 0.0437013
24.4 , 2903.3 , 0.047382 , 0.00197972 , 8.54732e-13 , 7.42017e-05 , 8.3526e-05 , 0.000391711 , 0.158911 , 0.744895 , 0.0025823 , 0.0437005
24.6 , 2906 , 0.0473831 , 0.00197914 , 8.40025e-13 , 7.62289e-05 , 8.61562e-05 , 0.000403382 , 0.158908 , 0.744882 , 0.00258226 , 0.0436997
24.8 , 2908.66 , 0.0473842 , 0.00197857 , 8.25785e-13 , 7.82796e-05 , 8.88275e-05 , 0.000415216 , 0.158905 , 0.744868 , 0.00258221 , 0.0436989
25 , 2911.29 , 0.0473853 , 0.00197801 , 8.11994e-13 , 8.03535e-05 , 9.15397e-05 , 0.000427212 , 0.158902 , 0.744855 , 0.00258216 , 0.0436982
25.2 , 2913.89 , 0.0473863 , 0.00197746 , 7.98631e-13 , 8.24502e-05 , 9.42925e-05 , 0.000439369 , 0.158899 , 0.744841 , 0.00258212 , 0.0436974
25.4 , 2916.45 , 0.0473872 , 0.00197692 , 7.85679e-13 , 8.45695e-05 , 9.70858e-05 , 0.000451685 , 0.158897 , 0.744827 , 0.00258207 , 0.0436965
25.6 , 2918.98 , 0.0473882 , 0.00197638 , 7.73119e-13 , 8.67113e-05 , 9.99193e-05 , 0.000464159 , 0.158894 , 0.744813 , 0.00258202 , 0.0436957
25.8 , 2921.48 , 0.0473891 , 0.00197585 , 7.60936e-13 , 8.88751e-05 , 0.000102793 , 0.00047679 , 0.158891 , 0.744799 , 0.00258197 , 0.0436949
26 , 2923.94 , 0.04739 , 0.00197533 , 7.49113e-13 , 9.10608e-05 , 0.000105706 , 0.000489576 , 0.158887 , 0.744785 , 0.00258192 , 0.043694
26.2 , 2926.38 , 0.0473908 , 0.00197482 , 7.37637e-13 , 9.3268e-05 , 0.000108659 , 0.000502516 , 0.158884 , 0.74477 , 0.00258187 , 0.0436932
26.4 , 2928.78 , 0.0473916 , 0.00197431 , 7.26493e-13 , 9.54966e-05 , 0.00011165 , 0.00051561 , 0.158881 , 0.744756 , 0.00258182 , 0.0436923
26.6 , 2931.16 , 0.0473924 , 0.00197381 , 7.15668e-13 , 9.77463e-05 , 0.000114681 , 0.000528854 , 0.158878 , 0.744741 , 0.00258177 , 0.0436915
26.8 , 2933.51 , 0.0473931 , 0.00197332 , 7.05149e-13 , 0.000100017 , 0.000117751 , 0.00054225 , 0.158875 , 0.744726 , 0.00258172 , 0.0436906
27 , 2935.82 , 0.0473939 , 0.00197283 , 6.94924e-13 , 0.000102308 , 0.000120859 , 0.000555793 , 0.158872 , 0.744711 , 0.00258167 , 0.0436897
27.2 , 2938.11 , 0.0473945 , 0.00197234 , 6.84982e-13 , 0.000104619 , 0.000124005 , 0.000569485 , 0.158868 , 0.744696 , 0.00258161 , 0.0436888
27.4 , 2940.38 , 0.0473952 , 0.00197187 , 6.75312e-13 , 0.000106951 , 0.000127189 , 0.000583323 , 0.158865 , 0.744681 , 0.00258156 , 0.0436879
27.6 , 2942.61 , 0.0473958 , 0.0019714 , 6.65903e-13 , 0.000109302 , 0.000130411 , 0.000597305 , 0.158862 , 0.744665 , 0.00258151 , 0.043687
27.8 , 2944.82 , 0.0473964 , 0.00197093 , 6.56747e-13 , 0.000111672 , 0.00013367 , 0.000611432 , 0.158859 , 0.74465 , 0.00258145 , 0.0436861
28 , 2947.01 , 0.047397 , 0.00197047 , 6.47832e-13 , 0.000114062 , 0.000136966 , 0.0006257 , 0.158855 , 0.744634 , 0.0025814 , 0.0436852
28.2 , 2949.17 , 0.0473975 , 0.00197002 , 6.39152e-13 , 0.000116472 , 0.000140299 , 0.000640109 , 0.158852 , 0.744618 , 0.00258134 , 0.0436843
28.4 , 2951.3 , 0.047398 , 0.00196957 , 6.30696e-13 , 0.000118899 , 0.000143668 , 0.000654658 , 0.158848 , 0.744602 , 0.00258129 , 0.0436833
28.6 , 2953.41 , 0.0473985 , 0.00196913 , 6.22458e-13 , 0.000121346 , 0.000147074 , 0.000669345 , 0.158845 , 0.744586 , 0.00258123 , 0.0436824
28.8 , 2955.5 , 0.047399 , 0.00196869 , 6.14428e-13 , 0.000123811 , 0.000150516 , 0.000684169 , 0.158842 , 0.74457 , 0.00258117 , 0.0436814
29 , 2957.56 , 0.0473994 , 0.00196825 , 6.066e-13 , 0.000126293 , 0.000153993 , 0.000699128 , 0.158838 , 0.744553 , 0.00258112 , 0.0436805
29.2 , 2959.6 , 0.0473998 , 0.00196783 , 5.98967e-13 , 0.000128794 , 0.000157506 , 0.000714221 , 0.158835 , 0.744537 , 0.00258106 , 0.0436795
29.4 , 2961.62 , 0.0474002 , 0.0019674 , 5.91522e-13 , 0.000131312 , 0.000161054 , 0.000729447 , 0.158831 , 0.74452 , 0.002581 , 0.0436785
29.6 , 2963.62 , 0.0474005 , 0.00196698 , 5.84258e-13 , 0.000133848 , 0.000164637 , 0.000744805 , 0.158827 , 0.744503 , 0.00258094 , 0.0436775
29.8 , 2965.59 , 0.0474009 , 0.00196657 , 5.7717e-13 , 0.000136401 , 0.000168254 , 0.000760292 , 0.158824 , 0.744486 , 0.00258089 , 0.0436765
30 , 2967.55 , 0.0474012 , 0.00196615 , 5.7025e-13 , 0.00013897 , 0.000171905 , 0.000775909 , 0.15882 , 0.744469 , 0.00258083 , 0.0436755
30.2 , 2969.48 , 0.0474015 , 0.00196575 , 5.63495e-13 , 0.000141557 , 0.000175591 , 0.000791652 , 0.158816 , 0.744452 , 0.00258077 , 0.0436745
30.4 , 2971.39 , 0.0474017 , 0.00196534 , 5.56898e-13 , 0.000144159 , 0.00017931 , 0.000807522 , 0.158813 , 0.744435 , 0.00258071 , 0.0436735
30.6 , 2973.28 , 0.0474019 , 0.00196495 , 5.50454e-13 , 0.000146778 , 0.000183063 , 0.000823517 , 0.158809 , 0.744418 , 0.00258065 , 0.0436725
30.8 , 2975.15 , 0.0474022 , 0.00196455 , 5.44158e-13 , 0.000149413 , 0.000186848 , 0.000839635 , 0.158805 , 0.7444 , 0.00258059 , 0.0436715
31 , 2977.01 , 0.0474023 , 0.00196416 , 5.38005e-13 , 0.000152064 , 0.000190667 , 0.000855875 , 0.158802 , 0.744382 , 0.00258053 , 0.0436704
31.2 , 2978.84 , 0.0474025 , 0.00196377 , 5.31991e-13 , 0.00015473 , 0.000194518 , 0.000872236 , 0.158798 , 0.744365 , 0.00258046 , 0.0436694
31.4 , 2980.65 , 0.0474027 , 0.00196339 , 5.26111e-13 , 0.000157412 , 0.000198401 , 0.000888716 , 0.158794 , 0.744347 , 0.0025804 , 0.0436683
31.6 , 2982.45 , 0.0474028 , 0.00196301 , 5.20362e-13 , 0.000160108 , 0.000202316 , 0.000905315 , 0.15879 , 0.744329 , 0.00258034 , 0.0436673
31.8 , 2984.23 , 0.0474029 , 0.00196263 , 5.14739e-13 , 0.00016282 , 0.000206263 , 0.00092203 , 0.158786 , 0.744311 , 0.00258028 , 0.0436662
32 , 2985.99 , 0.047403 , 0.00196226 , 5.09238e-13 , 0.000165546 , 0.000210241 , 0.000938861 , 0.158782 , 0.744292 , 0.00258021 , 0.0436652
32.2 , 2987.73 , 0.047403 , 0.00196189 , 5.03855e-13 , 0.000168286 , 0.00021425 , 0.000955806 , 0.158778 , 0.744274 , 0.00258015 , 0.0436641
32.4 , 2989.46 , 0.0474031 , 0.00196152 , 4.98588e-13 , 0.000171041 , 0.00021829 , 0.000972865 , 0.158775 , 0.744256 , 0.00258009 , 0.043663
32.6 , 2991.17 , 0.0474031 , 0.00196116 , 4.93431e-13 , 0.00017381 , 0.00022236 , 0.000990034 , 0.158771 , 0.744237 , 0.00258002 , 0.0436619
32.8 , 2992.86 , 0.0474031 , 0.0019608 , 4.88383e-13 , 0.000176592 , 0.00022646 , 0.00100731 , 0.158767 , 0.744218 , 0.00257996 , 0.0436608
33 , 2994.53 , 0.047403 , 0.00196044 , 4.8344e-13 , 0.000179388 , 0.000230591 , 0.0010247 , 0.158763 , 0.7442 , 0.00257989 , 0.0436597
33.2 , 2996.19 , 0.047403 , 0.00196009 , 4.78599e-13 , 0.000182198 , 0.000234751 , 0.0010422 , 0.158759 , 0.744181 , 0.00257983 , 0.0436586
33.4 , 2997.84 , 0.047403 , 0.00195974 , 4.73857e-13 , 0.000185021 , 0.00023894 , 0.0010598 , 0.158755 , 0.744162 , 0.00257976 , 0.0436575
33.6 , 2999.47 , 0.0474029 , 0.00195939 , 4.6921e-13 , 0.000187856 , 0.000243158 , 0.00107751 , 0.15875 , 0.744143 , 0.00257969 , 0.0436564
33.8 , 3001.07 , 0.0474028 , 0.00195905 , 4.6469e-13 , 0.000190684 , 0.000247374 , 0.0010952 , 0.158746 , 0.744124 , 0.00257963 , 0.0436553
34 , 3002.63 , 0.0474027 , 0.00195871 , 4.60318e-13 , 0.000193486 , 0.000251561 , 0.00111274 , 0.158742 , 0.744105 , 0.00257956 , 0.0436541
34.2 , 3004.17 , 0.0474025 , 0.00195838 , 4.56058e-13 , 0.000196282 , 0.000255747 , 0.00113027 , 0.158738 , 0.744086 , 0.0025795 , 0.043653
34.4 , 3005.69 , 0.0474024 , 0.00195805 , 4.51897e-13 , 0.000199077 , 0.000259942 , 0.00114782 , 0.158734 , 0.744067 , 0.00257943 , 0.0436519
34.6 , 3007.19 , 0.0474022 , 0.00195773 , 4.47828e-13 , 0.000201874 , 0.000264148 , 0.0011654 , 0.15873 , 0.744048 , 0.00257937 , 0.0436508
34.8 , 3008.68 , 0.0474021 , 0.00195741 , 4.43846e-13 , 0.000204674 , 0.000268368 , 0.00118302 , 0.158726 , 0.744029 , 0.0025793 , 0.0436497
35 , 3010.14 , 0.0474019 , 0.00195709 , 4.39946e-13 , 0.000207478 , 0.000272603 , 0.00120069 , 0.158722 , 0.74401 , 0.00257924 , 0.0436486
35.2 , 3011.6 , 0.0474017 , 0.00195677 , 4.36125e-13 , 0.000210288 , 0.000276854 , 0.00121842 , 0.158718 , 0.743991 , 0.00257917 , 0.0436475
35.4 , 3013.03 , 0.0474014 , 0.00195646 , 4.32379e-13 , 0.000213102 , 0.000281122 , 0.0012362 , 0.158714 , 0.743972 , 0.0025791 , 0.0436464
35.6 , 3014.46 , 0.0474012 , 0.00195615 , 4.28706e-13 , 0.000215923 , 0.000285408 , 0.00125404 , 0.15871 , 0.743953 , 0.00257904 , 0.0436452
35.8 , 3015.86 , 0.0474009 , 0.00195584 , 4.25103e-13 , 0.00021875 , 0.000289711 , 0.00127193 , 0.158706 , 0.743934 , 0.00257897 , 0.0436441
36 , 3017.26 , 0.0474007 , 0.00195554 , 4.21568e-13 , 0.000221583 , 0.000294033 , 0.00128989 , 0.158702 , 0.743915 , 0.0025789 , 0.043643
36.2 , 3018.64 , 0.0474004 , 0.00195524 , 4.18098e-13 , 0.000224422 , 0.000298372 , 0.00130791 , 0.158698 , 0.743895 , 0.00257884 , 0.0436419
36.4 , 3020.01 , 0.0474001 , 0.00195494 , 4.14691e-13 , 0.000227268 , 0.00030273 , 0.001326 , 0.158694 , 0.743876 , 0.00257877 , 0.0436407
36.6 , 3021.36 , 0.0473998 , 0.00195464 , 4.11347e-13 , 0.000230121 , 0.000307106 , 0.00134414 , 0.158689 , 0.743857 , 0.0025787 , 0.0436396
36.8 , 3022.71 , 0.0473995 , 0.00195434 , 4.08061e-13 , 0.00023298 , 0.000311501 , 0.00136235 , 0.158685 , 0.743837 , 0.00257864 , 0.0436384
37 , 3024.04 , 0.0473991 , 0.00195405 , 4.04834e-13 , 0.000235846 , 0.000315914 , 0.00138062 , 0.158681 , 0.743818 , 0.00257857 , 0.0436373
37.2 , 3025.36 , 0.0473988 , 0.00195376 , 4.01663e-13 , 0.000238718 , 0.000320345 , 0.00139895 , 0.158677 , 0.743798 , 0.0025785 , 0.0436361
37.4 , 3026.67 , 0.0473984 , 0.00195347 , 3.98547e-13 , 0.000241598 , 0.000324795 , 0.00141735 , 0.158673 , 0.743778 , 0.00257843 , 0.043635
37.6 , 3027.96 , 0.0473981 , 0.00195318 , 3.95483e-13 , 0.000244484 , 0.000329263 , 0.0014358 , 0.158668 , 0.743759 , 0.00257836 , 0.0436338
37.8 , 3029.25 , 0.0473977 , 0.00195289 , 3.92472e-13 , 0.000247376 , 0.00033375 , 0.00145432 , 0.158664 , 0.743739 , 0.00257829 , 0.0436327
38 , 3030.52 , 0.0473973 , 0.00195261 , 3.89511e-13 , 0.000250275 , 0.000338255 , 0.00147291 , 0.15866 , 0.743719 , 0.00257823 , 0.0436315
38.2 , 3031.79 , 0.0473969 , 0.00195233 , 3.86599e-13 , 0.000253181 , 0.000342778 , 0.00149155 , 0.158656 , 0.743699 , 0.00257816 , 0.0436303
38.4 , 3033.04 , 0.0473965 , 0.00195205 , 3.83735e-13 , 0.000256093 , 0.000347319 , 0.00151025 , 0.158652 , 0.743679 , 0.00257809 , 0.0436292
38.6 , 3034.28 , 0.047396 , 0.00195177 , 3.80918e-13 , 0.000259012 , 0.000351878 , 0.00152902 , 0.158647 , 0.743659 , 0.00257802 , 0.043628
38.8 , 3035.52 , 0.0473956 , 0.00195149 , 3.78146e-13 , 0.000261937 , 0.000356454 , 0.00154784 , 0.158643 , 0.743639 , 0.00257795 , 0.0436268
39 , 3036.74 , 0.0473951 , 0.00195122 , 3.75418e-13 , 0.000264868 , 0.000361048 , 0.00156673 , 0.158639 , 0.743619 , 0.00257788 , 0.0436256
39.2 , 3037.95 , 0.0473946 , 0.00195094 , 3.72734e-13 , 0.000267806 , 0.00036566 , 0.00158567 , 0.158634 , 0.743599 , 0.00257781 , 0.0436245
39.4 , 3039.16 , 0.0473942 , 0.00195067 , 3.70092e-13 , 0.00027075 , 0.000370289 , 0.00160468 , 0.15863 , 0.743578 , 0.00257774 , 0.0436233
39.6 , 3040.35 , 0.0473937 , 0.0019504 , 3.67492e-13 , 0.0002737 , 0.000374936 , 0.00162374 , 0.158626 , 0.743558 , 0.00257767 , 0.0436221
39.8 , 3041.53 , 0.0473932 , 0.00195013 , 3.64931e-13 , 0.000276656 , 0.0003796 , 0.00164286 , 0.158621 , 0.743538 , 0.0025776 , 0.0436209
40 , 3042.71 , 0.0473927 , 0.00194986 , 3.6241e-13 , 0.000279618 , 0.000384281 , 0.00166204 , 0.158617 , 0.743517 , 0.00257753 , 0.0436197
40.2 , 3043.88 , 0.0473921 , 0.00194959 , 3.59927e-13 , 0.000282586 , 0.000388978 , 0.00168127 , 0.158613 , 0.743497 , 0.00257746 , 0.0436185
40.4 , 3045.03 , 0.0473916 , 0.00194933 , 3.57482e-13 , 0.00028556 , 0.000393693 , 0.00170056 , 0.158608 , 0.743476 , 0.00257738 , 0.0436173
40.6 , 3046.18 , 0.0473911 , 0.00194907 , 3.55073e-13 , 0.00028854 , 0.000398424 , 0.00171991 , 0.158604 , 0.743456 , 0.00257731 , 0.0436161
40.8 , 3047.32 , 0.0473905 , 0.0019488 , 3.52701e-13 , 0.000291525 , 0.000403171 , 0.00173931 , 0.158599 , 0.743435 , 0.00257724 , 0.0436149
41 , 3048.45 , 0.0473899 , 0.00194854 , 3.50363e-13 , 0.000294516 , 0.000407935 , 0.00175876 , 0.158595 , 0.743414 , 0.00257717 , 0.0436136
41.2 , 3049.57 , 0.0473894 , 0.00194828 , 3.4806e-13 , 0.000297512 , 0.000412714 , 0.00177827 , 0.158591 , 0.743394 , 0.0025771 , 0.0436124
41.4 , 3050.69 , 0.0473888 , 0.00194802 , 3.45791e-13 , 0.000300514 , 0.00041751 , 0.00179783 , 0.158586 , 0.743373 , 0.00257703 , 0.0436112
41.6 , 3051.79 , 0.0473882 , 0.00194777 , 3.43554e-13 , 0.000303521 , 0.000422321 , 0.00181744 , 0.158582 , 0.743352 , 0.00257695 , 0.04361
41.8 , 3052.89 , 0.0473876 , 0.00194751 , 3.41349e-13 , 0.000306533 , 0.000427148 , 0.00183711 , 0.158577 , 0.743331 , 0.00257688 , 0.0436088
42 , 3053.98 , 0.047387 , 0.00194726 , 3.39176e-13 , 0.00030955 , 0.000431991 , 0.00185683 , 0.158573 , 0.74331 , 0.00257681 , 0.0436075
42.2 , 3055.06 , 0.0473863 , 0.001947 , 3.37034e-13 , 0.000312573 , 0.000436849 , 0.00187659 , 0.158568 , 0.743289 , 0.00257674 , 0.0436063
42.4 , 3056.14 , 0.0473857 , 0.00194675 , 3.34921e-13 , 0.000315601 , 0.000441723 , 0.00189641 , 0.158564 , 0.743268 , 0.00257666 , 0.0436051
42.6 , 3057.2 , 0.0473851 , 0.0019465 , 3.32839e-13 , 0.000318633 , 0.000446611 , 0.00191628 , 0.158559 , 0.743247 , 0.00257659 , 0.0436038
42.8 , 3058.26 , 0.0473844 , 0.00194625 , 3.30785e-13 , 0.000321671 , 0.000451514 , 0.0019362 , 0.158555 , 0.743226 , 0.00257652 , 0.0436026
43 , 3059.31 , 0.0473838 , 0.001946 , 3.28759e-13 , 0.000324713 , 0.000456432 , 0.00195616 , 0.15855 , 0.743205 , 0.00257644 , 0.0436013
43.2 , 3060.36 , 0.0473831 , 0.00194575 , 3.26762e-13 , 0.000327759 , 0.000461364 , 0.00197617 , 0.158546 , 0.743184 , 0.00257637 , 0.0436001
43.4 , 3061.39 , 0.0473824 , 0.00194551 , 3.24791e-13 , 0.000330811 , 0.000466311 , 0.00199623 , 0.158541 , 0.743162 , 0.0025763 , 0.0435989
43.6 , 3062.42 , 0.0473817 , 0.00194526 , 3.22847e-13 , 0.000333866 , 0.000471272 , 0.00201633 , 0.158537 , 0.743141 , 0.00257622 , 0.0435976
43.8 , 3063.44 , 0.047381 , 0.00194502 , 3.2093e-13 , 0.000336926 , 0.000476246 , 0.00203648 , 0.158532 , 0.74312 , 0.00257615 , 0.0435964
44 , 3064.46 , 0.0473803 , 0.00194477 , 3.19038e-13 , 0.000339991 , 0.000481235 , 0.00205668 , 0.158528 , 0.743098 , 0.00257607 , 0.0435951
44.2 , 3065.47 , 0.0473796 , 0.00194453 , 3.17171e-13 , 0.00034306 , 0.000486238 , 0.00207692 , 0.158523 , 0.743077 , 0.002576 , 0.0435938
44.4 , 3066.47 , 0.0473789 , 0.00194429 , 3.15328e-13 , 0.000346133 , 0.000491254 , 0.0020972 , 0.158518 , 0.743055 , 0.00257592 , 0.0435926
44.6 , 3067.46 , 0.0473782 , 0.00194405 , 3.1351e-13 , 0.00034921 , 0.000496284 , 0.00211753 , 0.158514 , 0.743034 , 0.00257585 , 0.0435913
44.8 , 3068.45 , 0.0473774 , 0.00194381 , 3.11716e-13 , 0.00035229 , 0.000501327 , 0.0021379 , 0.158509 , 0.743012 , 0.00257578 , 0.04359
45 , 3069.43 , 0.0473767 , 0.00194357 , 3.09944e-13 , 0.000355375 , 0.000506383 , 0.00215831 , 0.158505 , 0.742991 , 0.0025757 , 0.0435888
45.2 , 3070.4 , 0.0473759 , 0.00194333 , 3.08196e-13 , 0.000358464 , 0.000511452 , 0.00217877 , 0.1585 , 0.742969 , 0.00257563 , 0.0435875
45.4 , 3071.37 , 0.0473752 , 0.00194309 , 3.0647e-13 , 0.000361556 , 0.000516533 , 0.00219926 , 0.158495 , 0.742947 , 0.00257555 , 0.0435862
45.6 , 3072.33 , 0.0473744 , 0.00194286 , 3.04766e-13 , 0.000364652 , 0.000521628 , 0.00221979 , 0.158491 , 0.742925 , 0.00257547 , 0.043585
45.8 , 3073.29 , 0.0473736 , 0.00194262 , 3.03083e-13 , 0.000367752 , 0.000526734 , 0.00224037 , 0.158486 , 0.742904 , 0.0025754 , 0.0435837
46 , 3074.24 , 0.0473728 , 0.00194239 , 3.01422e-13 , 0.000370855 , 0.000531853 , 0.00226098 , 0.158481 , 0.742882 , 0.00257532 , 0.0435824
46.2 , 3075.18 , 0.047372 , 0.00194216 , 2.99781e-13 , 0.000373961 , 0.000536984 , 0.00228163 , 0.158477 , 0.74286 , 0.00257525 , 0.0435811
46.4 , 3076.11 , 0.0473712 , 0.00194192 , 2.98161e-13 , 0.000377071 , 0.000542127 , 0.00230231 , 0.158472 , 0.742838 , 0.00257517 , 0.0435798
46.6 , 3077.04 , 0.0473704 , 0.00194169 , 2.96561e-13 , 0.000380184 , 0.000547281 , 0.00232304 , 0.158467 , 0.742816 , 0.0025751 , 0.0435786
46.8 , 3077.97 , 0.0473696 , 0.00194146 , 2.9498e-13 , 0.0003833 , 0.000552448 , 0.0023438 , 0.158463 , 0.742794 , 0.00257502 , 0.0435773
47 , 3078.88 , 0.0473688 , 0.00194123 , 2.93419e-13 , 0.000386419 , 0.000557626 , 0.0023646 , 0.158458 , 0.742772 , 0.00257494 , 0.043576
47.2 , 3079.8 , 0.047368 , 0.001941 , 2.91877e-13 , 0.000389541 , 0.000562815 , 0.00238543 , 0.158453 , 0.74275 , 0.00257487 , 0.0435747
47.4 , 3080.7 , 0.0473671 , 0.00194077 , 2.90353e-13 , 0.000392666 , 0.000568016 , 0.0024063 , 0.158449 , 0.742728 , 0.00257479 , 0.0435734
47.6 , 3081.6 , 0.0473663 , 0.00194054 , 2.88848e-13 , 0.000395794 , 0.000573228 , 0.0024272 , 0.158444 , 0.742706 , 0.00257471 , 0.0435721
47.8 , 3082.5 , 0.0473655 , 0.00194032 , 2.87361e-13 , 0.000398925 , 0.00057845 , 0.00244814 , 0.158439 , 0.742684 , 0.00257464 , 0.0435708
48 , 3083.39 , 0.0473646 , 0.00194009 , 2.85891e-13 , 0.000402058 , 0.000583683 , 0.0024691 , 0.158435 , 0.742662 , 0.00257456 , 0.0435695
48.2 , 3084.27 , 0.0473637 , 0.00193986 , 2.84439e-13 , 0.000405194 , 0.000588927 , 0.0024901 , 0.15843 , 0.74264 , 0.00257448 , 0.0435682
48.4 , 3085.15 , 0.0473629 , 0.00193964 , 2.83004e-13 , 0.000408333 , 0.000594181 , 0.00251113 , 0.158425 , 0.742617 , 0.00257441 , 0.0435669
48.6 , 3086.02 , 0.047362 , 0.00193942 , 2.81585e-13 , 0.000411474 , 0.000599445 , 0.0025322 , 0.15842 , 0.742595 , 0.00257433 , 0.0435656
48.8 , 3086.89 , 0.0473611 , 0.00193919 , 2.80183e-13 , 0.000414617 , 0.00060472 , 0.00255329 , 0.158416 , 0.742573 , 0.00257425 , 0.0435643
49 , 3087.75 , 0.0473602 , 0.00193897 , 2.78798e-13 , 0.000417762 , 0.000610004 , 0.00257441 , 0.158411 , 0.742551 , 0.00257418 , 0.043563
49.2 , 3088.6 , 0.0473593 , 0.00193875 , 2.77428e-13 , 0.00042091 , 0.000615298 , 0.00259556 , 0.158406 , 0.742528 , 0.0025741 , 0.0435617
49.4 , 3089.46 , 0.0473584 , 0.00193853 , 2.76074e-13 , 0.00042406 , 0.000620601 , 0.00261674 , 0.158401 , 0.742506 , 0.00257402 , 0.0435604
49.6 , 3090.3 , 0.0473575 , 0.0019383 , 2.74736e-13 , 0.000427212 , 0.000625915 , 0.00263795 , 0.158397 , 0.742484 , 0.00257394 , 0.043559
49.8 , 3091.14 , 0.0473566 , 0.00193808 , 2.73413e-13 , 0.000430366 , 0.000631237 , 0.00265919 , 0.158392 , 0.742461 , 0.00257387 , 0.0435577
50 , 3091.98 , 0.0473557 , 0.00193786 , 2.72104e-13 , 0.000433522 , 0.000636569 , 0.00268046 , 0.158387 , 0.742439 , 0.00257379 , 0.0435564
50.2 , 3092.81 , 0.0473548 , 0.00193765 , 2.7081e-13 , 0.00043668 , 0.00064191 , 0.00270175 , 0.158382 , 0.742416 , 0.00257371 , 0.0435551
50.4 , 3093.63 , 0.0473538 , 0.00193743 , 2.69531e-13 , 0.000439839 , 0.00064726 , 0.00272306 , 0.158377 , 0.742394 , 0.00257363 , 0.0435538
50.6 , 3094.45 , 0.0473529 , 0.00193721 , 2.68266e-13 , 0.000443 , 0.000652619 , 0.00274441 , 0.158373 , 0.742371 , 0.00257355 , 0.0435524
50.8 , 3095.27 , 0.047352 , 0.00193699 , 2.67015e-13 , 0.000446163 , 0.000657986 , 0.00276578 , 0.158368 , 0.742349 , 0.00257348 , 0.0435511
51 , 3096.08 , 0.047351 , 0.00193678 , 2.65778e-13 , 0.000449328 , 0.000663361 , 0.00278717 , 0.158363 , 0.742326 , 0.0025734 , 0.0435498
51.2 , 3096.89 , 0.0473501 , 0.00193656 , 2.64554e-13 , 0.000452494 , 0.000668745 , 0.00280858 , 0.158358 , 0.742304 , 0.00257332 , 0.0435485
51.4 , 3097.69 , 0.0473491 , 0.00193634 , 2.63344e-13 , 0.000455661 , 0.000674137 , 0.00283002 , 0.158353 , 0.742281 , 0.00257324 , 0.0435472
51.6 , 3098.48 , 0.0473482 , 0.00193613 , 2.62146e-13 , 0.000458829 , 0.000679537 , 0.00285148 , 0.158348 , 0.742258 , 0.00257316 , 0.0435458
51.8 , 3099.27 , 0.0473472 , 0.00193592 , 2.60962e-13 , 0.000461999 , 0.000684945 , 0.00287296 , 0.158344 , 0.742236 , 0.00257308 , 0.0435445
52 , 3100.06 , 0.0473462 , 0.0019357 , 2.5979e-13 , 0.00046517 , 0.00069036 , 0.00289447 , 0.158339 , 0.742213 , 0.00257301 , 0.0435432
52.2 , 3100.84 , 0.0473452 , 0.00193549 , 2.58631e-13 , 0.000468342 , 0.000695783 , 0.00291599 , 0.158334 , 0.74219 , 0.00257293 , 0.0435418
52.4 , 3101.62 , 0.0473442 , 0.00193528 , 2.57485e-13 , 0.000471515 , 0.000701213 , 0.00293754 , 0.158329 , 0.742168 , 0.00257285 , 0.0435405
52.6 , 3102.39 , 0.0473433 , 0.00193506 , 2.5635e-13 , 0.00047469 , 0.000706651 , 0.00295911 , 0.158324 , 0.742145 , 0.00257277 , 0.0435392
52.8 , 3103.16 , 0.0473423 , 0.00193485 , 2.55227e-13 , 0.000477865 , 0.000712096 , 0.00298069 , 0.158319 , 0.742122 , 0.00257269 , 0.0435378
53 , 3103.93 , 0.0473413 , 0.00193464 , 2.54117e-13 , 0.000481041 , 0.000717549 , 0.0030023 , 0.158315 , 0.7421 , 0.00257261 , 0.0435365
53.2 , 3104.69 , 0.0473403 , 0.00193443 , 2.53017e-13 , 0.000484218 , 0.000723008 , 0.00302392 , 0.15831 , 0.742077 , 0.00257253 , 0.0435352
53.4 , 3105.44 , 0.0473393 , 0.00193422 , 2.5193e-13 , 0.000487396 , 0.000728473 , 0.00304557 , 0.158305 , 0.742054 , 0.00257245 , 0.0435338
53.6 , 3106.19 , 0.0473382 , 0.00193401 , 2.50853e-13 , 0.000490574 , 0.000733946 , 0.00306723 , 0.1583 , 0.742031 , 0.00257237 , 0.0435325
53.8 , 3106.94 , 0.0473372 , 0.0019338 , 2.49787e-13 , 0.000493753 , 0.000739425 , 0.0030889 , 0.158295 , 0.742008 , 0.0025723 , 0.0435312
54 , 3107.68 , 0.0473362 , 0.00193359 , 2.48733e-13 , 0.000496932 , 0.00074491 , 0.0031106 , 0.15829 , 0.741985 , 0.00257222 , 0.0435298
54.2 , 3108.42 , 0.0473352 , 0.00193338 , 2.47689e-13 , 0.000500112 , 0.000750401 , 0.00313231 , 0.158285 , 0.741963 , 0.00257214 , 0.0435285
54.4 , 3109.15 , 0.0473341 , 0.00193318 , 2.46656e-13 , 0.000503293 , 0.000755899 , 0.00315403 , 0.15828 , 0.74194 , 0.00257206 , 0.0435271
54.6 , 3109.88 , 0.0473331 , 0.00193297 , 2.45633e-13 , 0.000506473 , 0.000761402 , 0.00317577 , 0.158276 , 0.741917 , 0.00257198 , 0.0435258
54.8 , 3110.61 , 0.0473321 , 0.00193276 , 2.44621e-13 , 0.000509654 , 0.000766911 , 0.00319752 , 0.158271 , 0.741894 , 0.0025719 , 0.0435244
55 , 3111.33 , 0.047331 , 0.00193256 , 2.43619e-13 , 0.000512835 , 0.000772425 , 0.00321929 , 0.158266 , 0.741871 , 0.00257182 , 0.0435231
55.2 , 3112.05 , 0.04733 , 0.00193235 , 2.42627e-13 , 0.000516017 , 0.000777945 , 0.00324107 , 0.158261 , 0.741848 , 0.00257174 , 0.0435218
55.4 , 3112.76 , 0.0473289 , 0.00193214 , 2.41644e-13 , 0.000519198 , 0.000783471 , 0.00326286 , 0.158256 , 0.741825 , 0.00257166 , 0.0435204
55.6 , 3113.47 , 0.0473279 , 0.00193194 , 2.40672e-13 , 0.000522379 , 0.000789001 , 0.00328467 , 0.158251 , 0.741802 , 0.00257158 , 0.0435191
55.8 , 3114.18 , 0.0473268 , 0.00193173 , 2.39709e-13 , 0.000525561 , 0.000794538 , 0.00330649 , 0.158246 , 0.741779 , 0.0025715 , 0.0435177
56 , 3114.88 , 0.0473257 , 0.00193153 , 2.38755e-13 , 0.000528742 , 0.000800079 , 0.00332832 , 0.158241 , 0.741756 , 0.00257142 , 0.0435164
56.2 , 3115.58 , 0.0473247 , 0.00193133 , 2.37811e-13 , 0.000531924 , 0.000805625 , 0.00335016 , 0.158236 , 0.741733 , 0.00257134 , 0.043515
56.4 , 3116.27 , 0.0473236 , 0.00193112 , 2.36876e-13 , 0.000535105 , 0.000811176 , 0.00337202 , 0.158232 , 0.74171 , 0.00257126 , 0.0435137
56.6 , 3116.96 , 0.0473225 , 0.00193092 , 2.3595e-13 , 0.000538286 , 0.000816731 , 0.00339388 , 0.158227 , 0.741687 , 0.00257118 , 0.0435123
